89  
42  
67  
56  
108  
23  
170  
97  
212  
33  
55  
144  
201  
65  
6  
53  
101  
127  
113  
60  
99  
34  
25  
88  
49  
71  
137  
143  
80  
54  
24  
39  
122  
108  
76  
62  
27  
16  
31  
9  
74  
40  
134  
61  
35  
98  
71  
72  
152  
19  
38  
145  
146  
30  
50  
110  
102  
45  
128  
79  
11  
68  
122  
41  
178  
85  
69  
63  
123  
13  
15  
81  
75  
36  
129  
56  
20  
112  
14  
58  
103  
120  
66  
73  
90  
37  
17  
170  
29  
107  
105  
110  
48  
112  
82  
59  
18  
121  
26  
182  
41  
84  
156  
165  
