$GPGGA,092750.000,5321.6802,N,00630.3372,W,1,8,1.03,61.7,M,55.2,M,,*76
$GPGSA,A,3,10,07,05,02,29,04,08,13,,NOT,OK,,1.72,1.03,1.38*0A
$GPGSV,3,1,11,10,63,137,17,07,61,098,15,05,59,290,20,08,54,157,30*70
$GPGSV,3,2,11,02,39,223,19,13,28,070,17,26,23,252,,04,14,186,14*79
$GPGSV,3,3,11,29,09,301,24,16,09,020,,36,,,*76
$GPRMC,092750.000,A,5321.6802,N,00630.3372,W,0.02,31.66,280511,,,A*43
$GPGGA,092751.000,5321.6802,N,00630.3371,W,1,8,1.03,61.7,M,55.3,M,,*75
$GPGSA,A,3,10,07,05,02,29,04,08,13,BAD,,,,1.72,1.03,1.38*0A
$GPGSV,3,1,11,10,63,137,17,07,61,098,15,05,59,290,20,08,54,157,30*70
$GPGSV,3,2,11,02,39,223,16,13,28,070,17,26,23,252,,04,14,186,15*77
$GPGSV,3,3,11,29,09,301,24,16,09,020,BROKEN,36,,,*76
$GPRMC,092751.000,A,5321.6802,N,00630.3371,W,0.06,31.66,280511,,,A*45
$GPGGA,133822.362,5231.876,N,01322.922,E,1,12,1.0,0.0,M,0.0,M,,*67
$GPGSA,A,3,01,02,03,04,05,06,07,08,09,10,11,12,1.0,1.0,1.0*30
$GPRMC,133822.362,A,5231.876,N,01322.922,E,7120.6,110.2,160325,000.0,W*69
$GPGGA,133823.362,5231.193,N,01325.971,E,1,12,1.0,0.0,M,0.0,M,,*65
$GPGSA,A,3,01,02,03,04,05,06,07,08,09,10,11,12,1.0,1.0,1.0*30
$GPRMC,133823.362,A,5231.193,N,01325.971,E,10189.0,061.8,160325,000.0,W*7B
$GPGGA,133824.362,5232.527,N,01330.070,E,1,12,1.0,0.0,M,0.0,M,,*66
$GPGSA,A,3,01,02,03,04,05,06,07,08,09,10,11,12,1.0,1.0,1.0*30
$GPRMC,133824.362,A,5232.527,N,01330.070,E,12395.3,212.5,160325,000.0,W*7A
$GPGGA,133825.362,5229.625,N,01327.032,E,1,12,1.0,0.0,M,0.0,M,,*6C
$GPGSA,A,3,01,02,03,04,05,06,07,08,09,10,11,12,1.0,1.0,1.0*30
$GPRMC,133825.362,A,5229.625,N,01327.032,E,9670.4,271.1,160325,000.0,W*42
$GPGGA,133826.362,5229.676,N,01322.623,E,1,12,1.0,0.0,M,0.0,M,,*6G
$GPGSA,A,3,01,02,03,04,05,06,07,08,09,10,11,12,1.0,1.0,1.0*30
$GPRMC,133826.362,A,5229.676,N,01322.623,E,9397.9,335.6,160325,000.0,W*43
$GPGGA,133827.362,5232.051,N,01320.852,E,1,12,1.0,0.0,M,0.0,M,,*68
$GPGSA,A,3,01,02,03,04,05,06,07,08,09,10,11,12,1.0,1.0,1.0*30
$GPRMC,133827.362,A,5232.051,N,01320.852,E,9763.0,066.5,160325,000.0,W*41
$GPGGA,133828.362,5233.128,N,01324.941,E,1,12,1.0,0.0,M,0.0,M,,*6E
$GPGSA,A,3,01,02,03,04,05,06,07,08,09,10,11,12,1.0,1.0,1.0*30
$GPRMC,133828.362,A,5233.128,N,01324.941,E,5697.8,166.0,160325,000.0,W*4D
$GPGGA,133829.362,5231.594,N,01325.569,E,1,12,1.0,0.0,M,0.0,M,,*69
$GPGSA,A,3,01,02,03,04,05,06,07,08,09,10,11,12,1.0,1.0,1.0*30
$GPRMC,133829.362,A,5231.594,N,01325.569,E,10068.3,061.5,160325,000.0,W*70
$GPGGA,133830.362,5232.928,N,01329.607,E,1,12,1.0,0.0,M,0.0,M,,*6E
$GPGSA,A,3,01,02,03,04,05,06,07,08,09,10,11,12,1.0,1.0,1.0*30
$GPRMC,133830.362,A,5232.928,N,01329.607,E,9983.5,113.7,160325,000.0,W*43
$GPGGA,133831.362,5231.813,N,01333.778,E,1,12,1.0,0.0,M,0.0,M,,*67
$GPGSA,A,3,01,02,03,04,05,06,07,08,09,10,11,12,1.0,1.0,1.0*30
$GPRMC,133831.362,A,5231.813,N,01333.778,E,6188.6,202.1,160325,000.0,W*40
$GPGGA,133832.362,5230.221,N,01332.717,E,1,12,1.0,0.0,M,0.0,M,,*420
$GPGSA,A,3,01,02,03,04,05,06,07,08,09,10,11,12,1.0,1.0,1.0*30
$GPRMC,133832.362,A,5230.221,N,01332.717,E,6188.6,202.1,160325,000.0,W*41
